# unix_time, cycles_done, cur_path, paths_total, pending_total, pending_favs, map_size, unique_crashes, unique_hangs, max_depth, execs_per_sec
1559772851, 0, 0, 1, 1, 1, 0.01%, 0, 0, 1, 69.57
1559772856, 0, 1, 4, 3, 0, 0.02%, 0, 0, 2, 211.70
1559772861, 0, 3, 5, 2, 0, 0.02%, 0, 0, 3, 241.18
1559772866, 0, 5, 7, 2, 0, 0.02%, 0, 0, 4, 252.01
1559772871, 0, 6, 7, 1, 0, 0.02%, 0, 0, 4, 230.73
1559772877, 2, 2, 7, 0, 0, 0.02%, 0, 0, 4, 231.92
1559772882, 3, 5, 7, 0, 0, 0.02%, 0, 0, 4, 236.11
1559772887, 5, 0, 7, 0, 0, 0.02%, 0, 0, 4, 241.74
1559772892, 6, 4, 7, 0, 0, 0.02%, 0, 0, 4, 252.68
1559772897, 7, 6, 7, 0, 0, 0.02%, 0, 0, 4, 234.82
1559772902, 9, 1, 7, 0, 0, 0.02%, 0, 0, 4, 235.03
1559772908, 10, 4, 7, 0, 0, 0.02%, 0, 0, 4, 234.48
1559772913, 11, 5, 7, 0, 0, 0.02%, 0, 0, 4, 227.98
1559772918, 13, 0, 7, 0, 0, 0.02%, 0, 0, 4, 225.45
1559772923, 14, 2, 7, 0, 0, 0.02%, 0, 0, 4, 226.40
1559772928, 15, 5, 7, 0, 0, 0.02%, 0, 0, 4, 232.38
1559772933, 17, 0, 7, 0, 0, 0.02%, 0, 0, 4, 235.81
1559772938, 18, 3, 7, 0, 0, 0.02%, 0, 0, 4, 240.74
1559772944, 19, 6, 7, 0, 0, 0.02%, 0, 0, 4, 238.64
1559772949, 21, 1, 7, 0, 0, 0.02%, 0, 0, 4, 240.73
1559772954, 22, 5, 7, 0, 0, 0.02%, 0, 0, 4, 248.63
1559772959, 24, 0, 7, 0, 0, 0.02%, 0, 0, 4, 261.98
1559772964, 25, 5, 7, 0, 0, 0.02%, 0, 0, 4, 261.13
1559772969, 27, 0, 7, 0, 0, 0.02%, 0, 0, 4, 265.12
1559772974, 28, 4, 7, 0, 0, 0.02%, 0, 0, 4, 262.09
1559772979, 30, 0, 7, 0, 0, 0.02%, 0, 0, 4, 264.60
1559772984, 31, 4, 7, 0, 0, 0.02%, 0, 0, 4, 266.65
1559772989, 32, 6, 7, 0, 0, 0.02%, 0, 0, 4, 264.16
1559772994, 34, 4, 7, 0, 0, 0.02%, 0, 0, 4, 264.90
1559772999, 36, 0, 7, 0, 0, 0.02%, 0, 0, 4, 263.31
1559773004, 37, 3, 7, 0, 0, 0.02%, 0, 0, 4, 259.83
1559773009, 38, 6, 7, 0, 0, 0.02%, 0, 0, 4, 259.41
1559773015, 40, 3, 7, 0, 0, 0.02%, 0, 0, 4, 265.75
1559773020, 41, 6, 7, 0, 0, 0.02%, 0, 0, 4, 264.73
1559773025, 43, 3, 7, 0, 0, 0.02%, 0, 0, 4, 260.99
1559773030, 44, 6, 7, 0, 0, 0.02%, 0, 0, 4, 262.20
1559773035, 46, 2, 7, 0, 0, 0.02%, 0, 0, 4, 264.00
1559773040, 47, 6, 7, 0, 0, 0.02%, 0, 0, 4, 267.91
1559773045, 49, 2, 7, 0, 0, 0.02%, 0, 0, 4, 268.37
1559773050, 50, 6, 7, 0, 0, 0.02%, 0, 0, 4, 268.30
1559773055, 52, 3, 7, 0, 0, 0.02%, 0, 0, 4, 265.79
1559773060, 53, 6, 7, 0, 0, 0.02%, 0, 0, 4, 265.30
1559773065, 55, 3, 7, 0, 0, 0.02%, 0, 0, 4, 265.77
1559773070, 56, 6, 7, 0, 0, 0.02%, 0, 0, 4, 266.56
1559773075, 58, 3, 7, 0, 0, 0.02%, 0, 0, 4, 263.73
1559773080, 59, 6, 7, 0, 0, 0.02%, 0, 0, 4, 261.03
1559773085, 61, 2, 7, 0, 0, 0.02%, 0, 0, 4, 258.51
1559773091, 62, 6, 7, 0, 0, 0.02%, 0, 0, 4, 261.32
1559773096, 64, 2, 7, 0, 0, 0.02%, 0, 0, 4, 262.16
1559773101, 65, 6, 7, 0, 0, 0.02%, 0, 0, 4, 267.33
1559773106, 67, 3, 7, 0, 0, 0.02%, 0, 0, 4, 266.72
1559773111, 68, 6, 7, 0, 0, 0.02%, 0, 0, 4, 266.16
1559773116, 70, 3, 7, 0, 0, 0.02%, 0, 0, 4, 267.47
1559773121, 71, 6, 7, 0, 0, 0.02%, 0, 0, 4, 267.99
1559773126, 73, 3, 7, 0, 0, 0.02%, 0, 0, 4, 264.58
1559773131, 74, 6, 7, 0, 0, 0.02%, 0, 0, 4, 263.34
1559773136, 76, 3, 7, 0, 0, 0.02%, 0, 0, 4, 259.68
1559773141, 77, 6, 7, 0, 0, 0.02%, 0, 0, 4, 260.56
1559773146, 79, 2, 7, 0, 0, 0.02%, 0, 0, 4, 263.69
1559773151, 80, 6, 7, 0, 0, 0.02%, 0, 0, 4, 265.60
1559773156, 82, 3, 7, 0, 0, 0.02%, 0, 0, 4, 267.03
1559773162, 83, 6, 7, 0, 0, 0.02%, 0, 0, 4, 267.76
1559773167, 85, 3, 7, 0, 0, 0.02%, 0, 0, 4, 264.97
1559773172, 86, 6, 7, 0, 0, 0.02%, 0, 0, 4, 256.93
1559773177, 88, 3, 7, 0, 0, 0.02%, 0, 0, 4, 266.35
1559773182, 89, 6, 7, 0, 0, 0.02%, 0, 0, 4, 267.04
1559773187, 91, 3, 7, 0, 0, 0.02%, 0, 0, 4, 264.68
1559773192, 92, 6, 7, 0, 0, 0.02%, 0, 0, 4, 264.58
1559773197, 94, 3, 7, 0, 0, 0.02%, 0, 0, 4, 266.15
1559773202, 95, 6, 7, 0, 0, 0.02%, 0, 0, 4, 267.17
1559773207, 97, 3, 7, 0, 0, 0.02%, 0, 0, 4, 265.80
1559773212, 98, 6, 7, 0, 0, 0.02%, 0, 0, 4, 262.69
1559773217, 100, 3, 7, 0, 0, 0.02%, 0, 0, 4, 261.09
1559773222, 101, 6, 7, 0, 0, 0.02%, 0, 0, 4, 265.12
1559773228, 103, 3, 7, 0, 0, 0.02%, 0, 0, 4, 265.45
1559773233, 104, 6, 7, 0, 0, 0.02%, 0, 0, 4, 264.27
1559773238, 106, 3, 7, 0, 0, 0.02%, 0, 0, 4, 263.08
1559773243, 107, 6, 7, 0, 0, 0.02%, 0, 0, 4, 256.74
1559773248, 109, 2, 7, 0, 0, 0.02%, 0, 0, 4, 263.62
1559773253, 110, 6, 7, 0, 0, 0.02%, 0, 0, 4, 264.28
1559773258, 112, 2, 7, 0, 0, 0.02%, 0, 0, 4, 266.21
1559773263, 113, 5, 7, 0, 0, 0.02%, 0, 0, 4, 266.36
1559773268, 115, 2, 7, 0, 0, 0.02%, 0, 0, 4, 267.75
1559773273, 116, 5, 7, 0, 0, 0.02%, 0, 0, 4, 267.38
1559773278, 118, 2, 7, 0, 0, 0.02%, 0, 0, 4, 274.48
1559773283, 119, 5, 7, 0, 0, 0.02%, 0, 0, 4, 264.86
1559773288, 121, 1, 7, 0, 0, 0.02%, 0, 0, 4, 264.82
1559773293, 122, 5, 7, 0, 0, 0.02%, 0, 0, 4, 262.75
1559773298, 124, 0, 7, 0, 0, 0.02%, 0, 0, 4, 254.07
1559773303, 125, 5, 7, 0, 0, 0.02%, 0, 0, 4, 259.05
1559773308, 127, 0, 7, 0, 0, 0.02%, 0, 0, 4, 262.82
1559773313, 128, 5, 7, 0, 0, 0.02%, 0, 0, 4, 266.34
1559773318, 130, 0, 7, 0, 0, 0.02%, 0, 0, 4, 267.13
1559773323, 131, 4, 7, 0, 0, 0.02%, 0, 0, 4, 264.87
1559773328, 133, 0, 7, 0, 0, 0.02%, 0, 0, 4, 267.48
1559773333, 134, 5, 7, 0, 0, 0.02%, 0, 0, 4, 282.38
1559773338, 136, 1, 7, 0, 0, 0.02%, 0, 0, 4, 267.88
1559773344, 137, 5, 7, 0, 0, 0.02%, 0, 0, 4, 265.03
1559773349, 139, 1, 7, 0, 0, 0.02%, 0, 0, 4, 262.12
1559773354, 140, 5, 7, 0, 0, 0.02%, 0, 0, 4, 262.37
1559773359, 142, 1, 7, 0, 0, 0.02%, 0, 0, 4, 267.13
1559773364, 143, 5, 7, 0, 0, 0.02%, 0, 0, 4, 264.75
1559773369, 145, 0, 7, 0, 0, 0.02%, 0, 0, 4, 265.12
1559773374, 146, 5, 7, 0, 0, 0.02%, 0, 0, 4, 267.31
1559773379, 148, 0, 7, 0, 0, 0.02%, 0, 0, 4, 266.48
1559773384, 149, 5, 7, 0, 0, 0.02%, 0, 0, 4, 267.30
1559773389, 151, 0, 7, 0, 0, 0.02%, 0, 0, 4, 266.03
1559773394, 152, 5, 7, 0, 0, 0.02%, 0, 0, 4, 265.75
1559773399, 154, 0, 7, 0, 0, 0.02%, 0, 0, 4, 264.88
1559773404, 155, 5, 7, 0, 0, 0.02%, 0, 0, 4, 263.81
1559773409, 157, 0, 7, 0, 0, 0.02%, 0, 0, 4, 263.14
1559773414, 158, 5, 7, 0, 0, 0.02%, 0, 0, 4, 264.73
1559773419, 160, 0, 7, 0, 0, 0.02%, 0, 0, 4, 265.54
1559773424, 161, 5, 7, 0, 0, 0.02%, 0, 0, 4, 264.39
1559773429, 163, 0, 7, 0, 0, 0.02%, 0, 0, 4, 266.37
1559773435, 164, 5, 7, 0, 0, 0.02%, 0, 0, 4, 264.99
1559773440, 166, 1, 7, 0, 0, 0.02%, 0, 0, 4, 271.00
1559773445, 167, 5, 7, 0, 0, 0.02%, 0, 0, 4, 264.71
1559773450, 169, 1, 7, 0, 0, 0.02%, 0, 0, 4, 264.52
1559773455, 170, 5, 7, 0, 0, 0.02%, 0, 0, 4, 256.77
1559773460, 172, 1, 7, 0, 0, 0.02%, 0, 0, 4, 262.18
1559773465, 173, 5, 7, 0, 0, 0.02%, 0, 0, 4, 265.13
1559773470, 175, 0, 7, 0, 0, 0.02%, 0, 0, 4, 252.68
1559773475, 176, 5, 7, 0, 0, 0.02%, 0, 0, 4, 262.09
1559773480, 178, 0, 7, 0, 0, 0.02%, 0, 0, 4, 265.74
1559773486, 179, 5, 7, 0, 0, 0.02%, 0, 0, 4, 265.02
1559773491, 181, 0, 7, 0, 0, 0.02%, 0, 0, 4, 267.21
1559773496, 182, 5, 7, 0, 0, 0.02%, 0, 0, 4, 272.53
1559773501, 184, 1, 7, 0, 0, 0.02%, 0, 0, 4, 264.11
1559773506, 185, 5, 7, 0, 0, 0.02%, 0, 0, 4, 262.75
1559773511, 187, 0, 7, 0, 0, 0.02%, 0, 0, 4, 260.61
1559773516, 188, 5, 7, 0, 0, 0.02%, 0, 0, 4, 263.25
1559773521, 190, 0, 7, 0, 0, 0.02%, 0, 0, 4, 263.42
1559773526, 191, 4, 7, 0, 0, 0.02%, 0, 0, 4, 262.80
1559773531, 192, 6, 7, 0, 0, 0.02%, 0, 0, 4, 253.23
1559773536, 194, 3, 7, 0, 0, 0.02%, 0, 0, 4, 257.33
1559773541, 195, 6, 7, 0, 0, 0.02%, 0, 0, 4, 261.48
1559773546, 197, 2, 7, 0, 0, 0.02%, 0, 0, 4, 262.14
1559773551, 198, 6, 7, 0, 0, 0.02%, 0, 0, 4, 261.62
1559773556, 200, 2, 7, 0, 0, 0.02%, 0, 0, 4, 256.31
1559773561, 201, 5, 7, 0, 0, 0.02%, 0, 0, 4, 243.55
1559773566, 202, 6, 7, 0, 0, 0.02%, 0, 0, 4, 236.99
1559773571, 204, 2, 7, 0, 0, 0.02%, 0, 0, 4, 232.06
1559773577, 205, 6, 7, 0, 0, 0.02%, 0, 0, 4, 251.43
