# unix_time, cycles_done, cur_path, paths_total, pending_total, pending_favs, map_size, unique_crashes, unique_hangs, max_depth, execs_per_sec
1559594911, 62, 2, 4, 2, 0, 0.02%, 0, 0, 3, 2051.69
1559594916, 74, 1, 4, 0, 0, 0.02%, 0, 0, 3, 2018.33
1559594921, 88, 0, 4, 0, 0, 0.02%, 0, 0, 3, 2085.33
1559594926, 101, 3, 4, 0, 0, 0.02%, 0, 0, 3, 2103.60
1559594931, 115, 1, 4, 0, 0, 0.02%, 0, 0, 3, 2070.83
1559594936, 129, 0, 4, 0, 0, 0.02%, 0, 0, 3, 2076.11
1559594941, 142, 1, 4, 0, 0, 0.02%, 0, 0, 3, 2022.72
1559594947, 156, 0, 4, 0, 0, 0.02%, 0, 0, 3, 2077.28
1559594952, 169, 2, 4, 0, 0, 0.02%, 0, 0, 3, 2070.16
1559594957, 182, 3, 4, 0, 0, 0.02%, 0, 0, 3, 2017.28
1559594962, 196, 2, 4, 0, 0, 0.02%, 0, 0, 3, 2086.68
1559594967, 210, 1, 4, 0, 0, 0.02%, 0, 0, 3, 2074.41
1559595033, 283, 2, 4, 0, 0, 0.02%, 0, 0, 3, 221.59
1559595038, 285, 2, 4, 0, 0, 0.02%, 0, 0, 3, 316.38
1559595043, 297, 0, 4, 0, 0, 0.02%, 0, 0, 3, 1819.50
1559595049, 313, 3, 4, 0, 0, 0.02%, 0, 0, 3, 2465.05
1559595054, 321, 0, 4, 0, 0, 0.02%, 0, 0, 3, 2162.95
1559595059, 327, 2, 4, 0, 0, 0.02%, 0, 0, 3, 787.84
1559595064, 338, 1, 4, 0, 0, 0.02%, 0, 0, 3, 1670.96
1559595069, 342, 3, 4, 0, 0, 0.02%, 0, 0, 3, 257.56
1559595074, 361, 2, 4, 0, 0, 0.02%, 0, 0, 3, 2756.95
1559595079, 382, 0, 4, 0, 0, 0.02%, 0, 0, 3, 3098.16
1559595084, 405, 2, 4, 0, 0, 0.02%, 0, 0, 3, 3396.19
1559595090, 427, 1, 4, 0, 0, 0.02%, 0, 0, 3, 3223.95
1559595151, 496, 0, 4, 0, 0, 0.02%, 0, 0, 3, 1959.50
1559595156, 509, 0, 4, 0, 0, 0.02%, 0, 0, 3, 1976.09
1559595161, 522, 2, 4, 0, 0, 0.02%, 0, 0, 3, 2017.56
1559595166, 535, 3, 4, 0, 0, 0.02%, 0, 0, 3, 2023.63
1559595171, 549, 0, 4, 0, 0, 0.02%, 0, 0, 3, 2010.74
1559595176, 562, 3, 4, 0, 0, 0.02%, 0, 0, 3, 2059.76
1559595181, 575, 3, 4, 0, 0, 0.02%, 0, 0, 3, 2002.14
1559595186, 589, 2, 4, 0, 0, 0.02%, 0, 0, 3, 2058.36
1559595192, 603, 2, 4, 0, 0, 0.02%, 0, 0, 3, 2080.24
1559595197, 617, 1, 4, 0, 0, 0.02%, 0, 0, 3, 2078.37
1559595202, 631, 0, 4, 0, 0, 0.02%, 0, 0, 3, 2115.42
1559595207, 644, 1, 4, 0, 0, 0.02%, 0, 0, 3, 1999.16
