# unix_time, cycles_done, cur_path, paths_total, pending_total, pending_favs, map_size, unique_crashes, unique_hangs, max_depth, execs_per_sec
1559594849, 0, 0, 1, 1, 1, 0.01%, 0, 0, 1, 2000.00
1559594855, 0, 4, 7, 3, 3, 0.03%, 0, 0, 3, 1961.75
1559594860, 4, 6, 7, 0, 0, 0.03%, 0, 0, 3, 2010.24
1559594865, 10, 5, 7, 0, 0, 0.03%, 0, 0, 3, 2000.95
1559594870, 16, 2, 7, 0, 0, 0.03%, 0, 0, 3, 2005.00
1559594875, 22, 1, 7, 0, 0, 0.03%, 0, 0, 3, 2022.65
1559594880, 27, 5, 7, 0, 0, 0.03%, 0, 0, 3, 2005.66
1559594885, 33, 4, 7, 0, 0, 0.03%, 0, 0, 3, 2036.58
1559594890, 39, 3, 7, 0, 0, 0.03%, 0, 0, 3, 2075.75
1559594896, 45, 3, 7, 0, 0, 0.03%, 0, 0, 3, 2084.96
1559594901, 51, 1, 7, 0, 0, 0.03%, 0, 0, 3, 2019.85
1559594906, 56, 6, 7, 0, 0, 0.03%, 0, 0, 3, 2032.14
1559594972, 219, 5, 7, 0, 0, 0.03%, 0, 0, 3, 1969.31
1559594977, 225, 2, 7, 0, 0, 0.03%, 0, 0, 3, 1983.70
1559594982, 231, 2, 7, 0, 0, 0.03%, 0, 0, 3, 2049.62
1559594987, 236, 6, 7, 0, 0, 0.03%, 0, 0, 3, 1909.09
1559594993, 242, 5, 7, 0, 0, 0.03%, 0, 0, 3, 2005.77
1559594998, 248, 3, 7, 0, 0, 0.03%, 0, 0, 3, 1978.96
1559595003, 254, 1, 7, 0, 0, 0.03%, 0, 0, 3, 1966.05
1559595008, 260, 0, 7, 0, 0, 0.03%, 0, 0, 3, 2026.46
1559595013, 266, 0, 7, 0, 0, 0.03%, 0, 0, 3, 2065.29
1559595018, 271, 4, 7, 0, 0, 0.03%, 0, 0, 3, 1980.93
1559595023, 277, 3, 7, 0, 0, 0.03%, 0, 0, 3, 2005.59
1559595028, 281, 6, 7, 0, 0, 0.03%, 0, 0, 3, 1575.42
1559595095, 432, 0, 7, 0, 0, 0.03%, 0, 0, 3, 1426.89
1559595100, 437, 4, 7, 0, 0, 0.03%, 0, 0, 3, 1831.00
1559595105, 443, 3, 7, 0, 0, 0.03%, 0, 0, 3, 2011.69
1559595110, 449, 0, 7, 0, 0, 0.03%, 0, 0, 3, 1991.24
1559595115, 454, 6, 7, 0, 0, 0.03%, 0, 0, 3, 2020.11
1559595120, 460, 4, 7, 0, 0, 0.03%, 0, 0, 3, 1995.12
1559595125, 466, 1, 7, 0, 0, 0.03%, 0, 0, 3, 1988.36
1559595130, 472, 0, 7, 0, 0, 0.03%, 0, 0, 3, 2045.42
1559595135, 477, 6, 7, 0, 0, 0.03%, 0, 0, 3, 2057.48
1559595140, 483, 3, 7, 0, 0, 0.03%, 0, 0, 3, 2013.60
1559595146, 489, 2, 7, 0, 0, 0.03%, 0, 0, 3, 2027.85
1559595212, 655, 0, 7, 0, 0, 0.03%, 0, 0, 3, 2029.36
1559595217, 660, 5, 7, 0, 0, 0.03%, 0, 0, 3, 2022.33
1559595222, 666, 4, 7, 0, 0, 0.03%, 0, 0, 3, 2033.66
1559595227, 672, 2, 7, 0, 0, 0.03%, 0, 0, 3, 2018.81
